Q4 cantilever convergence 2x1
6 1 1 1
    1  1  1  1   0.0000000000e+00   0.0000000000e+00   0.0000000000e+00
    2  0  0  1   2.0000000000e+00   0.0000000000e+00   0.0000000000e+00
    3  0  0  1   4.0000000000e+00   0.0000000000e+00   0.0000000000e+00
    4  1  1  1   0.0000000000e+00   1.0000000000e+00   0.0000000000e+00
    5  0  0  1   2.0000000000e+00   1.0000000000e+00   0.0000000000e+00
    6  0  0  1   4.0000000000e+00   1.0000000000e+00   0.0000000000e+00
1
2
    3  2  -5.0000000000e-01
    6  2  -5.0000000000e-01
2 2 1
1 1.0000000000e+03 2.5000000000e-01 1.0000000000e+00 0
    1     1     2     5     4     1
    2     2     3     6     5     1
