Q4 cantilever convergence 8x2
27 1 1 1
    1  1  1  1   0.0000000000e+00   0.0000000000e+00   0.0000000000e+00
    2  0  0  1   5.0000000000e-01   0.0000000000e+00   0.0000000000e+00
    3  0  0  1   1.0000000000e+00   0.0000000000e+00   0.0000000000e+00
    4  0  0  1   1.5000000000e+00   0.0000000000e+00   0.0000000000e+00
    5  0  0  1   2.0000000000e+00   0.0000000000e+00   0.0000000000e+00
    6  0  0  1   2.5000000000e+00   0.0000000000e+00   0.0000000000e+00
    7  0  0  1   3.0000000000e+00   0.0000000000e+00   0.0000000000e+00
    8  0  0  1   3.5000000000e+00   0.0000000000e+00   0.0000000000e+00
    9  0  0  1   4.0000000000e+00   0.0000000000e+00   0.0000000000e+00
   10  1  1  1   0.0000000000e+00   5.0000000000e-01   0.0000000000e+00
   11  0  0  1   5.0000000000e-01   5.0000000000e-01   0.0000000000e+00
   12  0  0  1   1.0000000000e+00   5.0000000000e-01   0.0000000000e+00
   13  0  0  1   1.5000000000e+00   5.0000000000e-01   0.0000000000e+00
   14  0  0  1   2.0000000000e+00   5.0000000000e-01   0.0000000000e+00
   15  0  0  1   2.5000000000e+00   5.0000000000e-01   0.0000000000e+00
   16  0  0  1   3.0000000000e+00   5.0000000000e-01   0.0000000000e+00
   17  0  0  1   3.5000000000e+00   5.0000000000e-01   0.0000000000e+00
   18  0  0  1   4.0000000000e+00   5.0000000000e-01   0.0000000000e+00
   19  1  1  1   0.0000000000e+00   1.0000000000e+00   0.0000000000e+00
   20  0  0  1   5.0000000000e-01   1.0000000000e+00   0.0000000000e+00
   21  0  0  1   1.0000000000e+00   1.0000000000e+00   0.0000000000e+00
   22  0  0  1   1.5000000000e+00   1.0000000000e+00   0.0000000000e+00
   23  0  0  1   2.0000000000e+00   1.0000000000e+00   0.0000000000e+00
   24  0  0  1   2.5000000000e+00   1.0000000000e+00   0.0000000000e+00
   25  0  0  1   3.0000000000e+00   1.0000000000e+00   0.0000000000e+00
   26  0  0  1   3.5000000000e+00   1.0000000000e+00   0.0000000000e+00
   27  0  0  1   4.0000000000e+00   1.0000000000e+00   0.0000000000e+00
1
3
    9  2  -2.5000000000e-01
   18  2  -5.0000000000e-01
   27  2  -2.5000000000e-01
2 16 1
1 1.0000000000e+03 2.5000000000e-01 1.0000000000e+00 0
    1     1     2    11    10     1
    2     2     3    12    11     1
    3     3     4    13    12     1
    4     4     5    14    13     1
    5     5     6    15    14     1
    6     6     7    16    15     1
    7     7     8    17    16     1
    8     8     9    18    17     1
    9    10    11    20    19     1
   10    11    12    21    20     1
   11    12    13    22    21     1
   12    13    14    23    22     1
   13    14    15    24    23     1
   14    15    16    25    24     1
   15    16    17    26    25     1
   16    17    18    27    26     1
