Q4 cantilever convergence 16x4
85 1 1 1
    1  1  1  1   0.0000000000e+00   0.0000000000e+00   0.0000000000e+00
    2  0  0  1   2.5000000000e-01   0.0000000000e+00   0.0000000000e+00
    3  0  0  1   5.0000000000e-01   0.0000000000e+00   0.0000000000e+00
    4  0  0  1   7.5000000000e-01   0.0000000000e+00   0.0000000000e+00
    5  0  0  1   1.0000000000e+00   0.0000000000e+00   0.0000000000e+00
    6  0  0  1   1.2500000000e+00   0.0000000000e+00   0.0000000000e+00
    7  0  0  1   1.5000000000e+00   0.0000000000e+00   0.0000000000e+00
    8  0  0  1   1.7500000000e+00   0.0000000000e+00   0.0000000000e+00
    9  0  0  1   2.0000000000e+00   0.0000000000e+00   0.0000000000e+00
   10  0  0  1   2.2500000000e+00   0.0000000000e+00   0.0000000000e+00
   11  0  0  1   2.5000000000e+00   0.0000000000e+00   0.0000000000e+00
   12  0  0  1   2.7500000000e+00   0.0000000000e+00   0.0000000000e+00
   13  0  0  1   3.0000000000e+00   0.0000000000e+00   0.0000000000e+00
   14  0  0  1   3.2500000000e+00   0.0000000000e+00   0.0000000000e+00
   15  0  0  1   3.5000000000e+00   0.0000000000e+00   0.0000000000e+00
   16  0  0  1   3.7500000000e+00   0.0000000000e+00   0.0000000000e+00
   17  0  0  1   4.0000000000e+00   0.0000000000e+00   0.0000000000e+00
   18  1  1  1   0.0000000000e+00   2.5000000000e-01   0.0000000000e+00
   19  0  0  1   2.5000000000e-01   2.5000000000e-01   0.0000000000e+00
   20  0  0  1   5.0000000000e-01   2.5000000000e-01   0.0000000000e+00
   21  0  0  1   7.5000000000e-01   2.5000000000e-01   0.0000000000e+00
   22  0  0  1   1.0000000000e+00   2.5000000000e-01   0.0000000000e+00
   23  0  0  1   1.2500000000e+00   2.5000000000e-01   0.0000000000e+00
   24  0  0  1   1.5000000000e+00   2.5000000000e-01   0.0000000000e+00
   25  0  0  1   1.7500000000e+00   2.5000000000e-01   0.0000000000e+00
   26  0  0  1   2.0000000000e+00   2.5000000000e-01   0.0000000000e+00
   27  0  0  1   2.2500000000e+00   2.5000000000e-01   0.0000000000e+00
   28  0  0  1   2.5000000000e+00   2.5000000000e-01   0.0000000000e+00
   29  0  0  1   2.7500000000e+00   2.5000000000e-01   0.0000000000e+00
   30  0  0  1   3.0000000000e+00   2.5000000000e-01   0.0000000000e+00
   31  0  0  1   3.2500000000e+00   2.5000000000e-01   0.0000000000e+00
   32  0  0  1   3.5000000000e+00   2.5000000000e-01   0.0000000000e+00
   33  0  0  1   3.7500000000e+00   2.5000000000e-01   0.0000000000e+00
   34  0  0  1   4.0000000000e+00   2.5000000000e-01   0.0000000000e+00
   35  1  1  1   0.0000000000e+00   5.0000000000e-01   0.0000000000e+00
   36  0  0  1   2.5000000000e-01   5.0000000000e-01   0.0000000000e+00
   37  0  0  1   5.0000000000e-01   5.0000000000e-01   0.0000000000e+00
   38  0  0  1   7.5000000000e-01   5.0000000000e-01   0.0000000000e+00
   39  0  0  1   1.0000000000e+00   5.0000000000e-01   0.0000000000e+00
   40  0  0  1   1.2500000000e+00   5.0000000000e-01   0.0000000000e+00
   41  0  0  1   1.5000000000e+00   5.0000000000e-01   0.0000000000e+00
   42  0  0  1   1.7500000000e+00   5.0000000000e-01   0.0000000000e+00
   43  0  0  1   2.0000000000e+00   5.0000000000e-01   0.0000000000e+00
   44  0  0  1   2.2500000000e+00   5.0000000000e-01   0.0000000000e+00
   45  0  0  1   2.5000000000e+00   5.0000000000e-01   0.0000000000e+00
   46  0  0  1   2.7500000000e+00   5.0000000000e-01   0.0000000000e+00
   47  0  0  1   3.0000000000e+00   5.0000000000e-01   0.0000000000e+00
   48  0  0  1   3.2500000000e+00   5.0000000000e-01   0.0000000000e+00
   49  0  0  1   3.5000000000e+00   5.0000000000e-01   0.0000000000e+00
   50  0  0  1   3.7500000000e+00   5.0000000000e-01   0.0000000000e+00
   51  0  0  1   4.0000000000e+00   5.0000000000e-01   0.0000000000e+00
   52  1  1  1   0.0000000000e+00   7.5000000000e-01   0.0000000000e+00
   53  0  0  1   2.5000000000e-01   7.5000000000e-01   0.0000000000e+00
   54  0  0  1   5.0000000000e-01   7.5000000000e-01   0.0000000000e+00
   55  0  0  1   7.5000000000e-01   7.5000000000e-01   0.0000000000e+00
   56  0  0  1   1.0000000000e+00   7.5000000000e-01   0.0000000000e+00
   57  0  0  1   1.2500000000e+00   7.5000000000e-01   0.0000000000e+00
   58  0  0  1   1.5000000000e+00   7.5000000000e-01   0.0000000000e+00
   59  0  0  1   1.7500000000e+00   7.5000000000e-01   0.0000000000e+00
   60  0  0  1   2.0000000000e+00   7.5000000000e-01   0.0000000000e+00
   61  0  0  1   2.2500000000e+00   7.5000000000e-01   0.0000000000e+00
   62  0  0  1   2.5000000000e+00   7.5000000000e-01   0.0000000000e+00
   63  0  0  1   2.7500000000e+00   7.5000000000e-01   0.0000000000e+00
   64  0  0  1   3.0000000000e+00   7.5000000000e-01   0.0000000000e+00
   65  0  0  1   3.2500000000e+00   7.5000000000e-01   0.0000000000e+00
   66  0  0  1   3.5000000000e+00   7.5000000000e-01   0.0000000000e+00
   67  0  0  1   3.7500000000e+00   7.5000000000e-01   0.0000000000e+00
   68  0  0  1   4.0000000000e+00   7.5000000000e-01   0.0000000000e+00
   69  1  1  1   0.0000000000e+00   1.0000000000e+00   0.0000000000e+00
   70  0  0  1   2.5000000000e-01   1.0000000000e+00   0.0000000000e+00
   71  0  0  1   5.0000000000e-01   1.0000000000e+00   0.0000000000e+00
   72  0  0  1   7.5000000000e-01   1.0000000000e+00   0.0000000000e+00
   73  0  0  1   1.0000000000e+00   1.0000000000e+00   0.0000000000e+00
   74  0  0  1   1.2500000000e+00   1.0000000000e+00   0.0000000000e+00
   75  0  0  1   1.5000000000e+00   1.0000000000e+00   0.0000000000e+00
   76  0  0  1   1.7500000000e+00   1.0000000000e+00   0.0000000000e+00
   77  0  0  1   2.0000000000e+00   1.0000000000e+00   0.0000000000e+00
   78  0  0  1   2.2500000000e+00   1.0000000000e+00   0.0000000000e+00
   79  0  0  1   2.5000000000e+00   1.0000000000e+00   0.0000000000e+00
   80  0  0  1   2.7500000000e+00   1.0000000000e+00   0.0000000000e+00
   81  0  0  1   3.0000000000e+00   1.0000000000e+00   0.0000000000e+00
   82  0  0  1   3.2500000000e+00   1.0000000000e+00   0.0000000000e+00
   83  0  0  1   3.5000000000e+00   1.0000000000e+00   0.0000000000e+00
   84  0  0  1   3.7500000000e+00   1.0000000000e+00   0.0000000000e+00
   85  0  0  1   4.0000000000e+00   1.0000000000e+00   0.0000000000e+00
1
5
   17  2  -1.2500000000e-01
   34  2  -2.5000000000e-01
   51  2  -2.5000000000e-01
   68  2  -2.5000000000e-01
   85  2  -1.2500000000e-01
2 64 1
1 1.0000000000e+03 2.5000000000e-01 1.0000000000e+00 0
    1     1     2    19    18     1
    2     2     3    20    19     1
    3     3     4    21    20     1
    4     4     5    22    21     1
    5     5     6    23    22     1
    6     6     7    24    23     1
    7     7     8    25    24     1
    8     8     9    26    25     1
    9     9    10    27    26     1
   10    10    11    28    27     1
   11    11    12    29    28     1
   12    12    13    30    29     1
   13    13    14    31    30     1
   14    14    15    32    31     1
   15    15    16    33    32     1
   16    16    17    34    33     1
   17    18    19    36    35     1
   18    19    20    37    36     1
   19    20    21    38    37     1
   20    21    22    39    38     1
   21    22    23    40    39     1
   22    23    24    41    40     1
   23    24    25    42    41     1
   24    25    26    43    42     1
   25    26    27    44    43     1
   26    27    28    45    44     1
   27    28    29    46    45     1
   28    29    30    47    46     1
   29    30    31    48    47     1
   30    31    32    49    48     1
   31    32    33    50    49     1
   32    33    34    51    50     1
   33    35    36    53    52     1
   34    36    37    54    53     1
   35    37    38    55    54     1
   36    38    39    56    55     1
   37    39    40    57    56     1
   38    40    41    58    57     1
   39    41    42    59    58     1
   40    42    43    60    59     1
   41    43    44    61    60     1
   42    44    45    62    61     1
   43    45    46    63    62     1
   44    46    47    64    63     1
   45    47    48    65    64     1
   46    48    49    66    65     1
   47    49    50    67    66     1
   48    50    51    68    67     1
   49    52    53    70    69     1
   50    53    54    71    70     1
   51    54    55    72    71     1
   52    55    56    73    72     1
   53    56    57    74    73     1
   54    57    58    75    74     1
   55    58    59    76    75     1
   56    59    60    77    76     1
   57    60    61    78    77     1
   58    61    62    79    78     1
   59    62    63    80    79     1
   60    63    64    81    80     1
   61    64    65    82    81     1
   62    65    66    83    82     1
   63    66    67    84    83     1
   64    67    68    85    84     1
