Q4 q4_patch_multi constant stress patch
9 1 1 1
    1  1  1  1   0.0000000000e+00   0.0000000000e+00   0.0000000000e+00
    2  0  0  1   5.0000000000e-01   0.0000000000e+00   0.0000000000e+00
    3  0  0  1   1.0000000000e+00   0.0000000000e+00   0.0000000000e+00
    4  1  0  1   0.0000000000e+00   5.0000000000e-01   0.0000000000e+00
    5  0  0  1   5.0000000000e-01   5.0000000000e-01   0.0000000000e+00
    6  0  0  1   1.0000000000e+00   5.0000000000e-01   0.0000000000e+00
    7  1  0  1   0.0000000000e+00   1.0000000000e+00   0.0000000000e+00
    8  0  0  1   5.0000000000e-01   1.0000000000e+00   0.0000000000e+00
    9  0  0  1   1.0000000000e+00   1.0000000000e+00   0.0000000000e+00
1
3
    3  1   2.5000000000e-01
    6  1   5.0000000000e-01
    9  1   2.5000000000e-01
2 4 1
1 1.0000000000e+03 2.5000000000e-01 1.0000000000e+00 0
    1     1     2     5     4     1
    2     2     3     6     5     1
    3     4     5     8     7     1
    4     5     6     9     8     1
