Q4 quarter plate with circular hole in tension
363 1 1 1
    1  0  1  1   1.0000000000e+00   0.0000000000e+00   0.0000000000e+00
    2  0  1  1   1.1786734369e+00   0.0000000000e+00   0.0000000000e+00
    3  0  1  1   1.4554602555e+00   0.0000000000e+00   0.0000000000e+00
    4  0  1  1   1.7873606119e+00   0.0000000000e+00   0.0000000000e+00
    5  0  1  1   2.1610234180e+00   0.0000000000e+00   0.0000000000e+00
    6  0  1  1   2.5691681958e+00   0.0000000000e+00   0.0000000000e+00
    7  0  1  1   3.0070776708e+00   0.0000000000e+00   0.0000000000e+00
    8  0  1  1   3.4713960337e+00   0.0000000000e+00   0.0000000000e+00
    9  0  1  1   3.9595894721e+00   0.0000000000e+00   0.0000000000e+00
   10  0  1  1   4.4696636728e+00   0.0000000000e+00   0.0000000000e+00
   11  0  1  1   5.0000000000e+00   0.0000000000e+00   0.0000000000e+00
   12  0  0  1   9.9879545621e-01   4.9067674327e-02   0.0000000000e+00
   13  0  0  1   1.1775226981e+00   5.7847980688e-02   0.0000000000e+00
   14  0  0  1   1.4543928672e+00   7.1449739893e-02   0.0000000000e+00
   15  0  0  1   1.7863931707e+00   8.7759868925e-02   0.0000000000e+00
   16  0  0  1   2.1601685001e+00   1.0612227338e-01   0.0000000000e+00
   17  0  0  1   2.5684361850e+00   1.2617917860e-01   0.0000000000e+00
   18  0  0  1   3.0064775303e+00   1.4769876997e-01   0.0000000000e+00
   19  0  0  1   3.4709357161e+00   1.7051613748e-01   0.0000000000e+00
   20  0  0  1   3.9592761670e+00   1.9450676545e-01   0.0000000000e+00
   21  0  0  1   4.4695039694e+00   2.1957265005e-01   0.0000000000e+00
   22  0  0  1   5.0000000000e+00   2.4563424885e-01   0.0000000000e+00
   23  0  0  1   9.9518472667e-01   9.8017140330e-02   0.0000000000e+00
   24  0  0  1   1.1740732539e+00   1.1563612242e-01   0.0000000000e+00
   25  0  0  1   1.4511932736e+00   1.4293006206e-01   0.0000000000e+00
   26  0  0  1   1.7834931777e+00   1.7565874595e-01   0.0000000000e+00
   27  0  0  1   2.1576058060e+00   2.1250562372e-01   0.0000000000e+00
   28  0  0  1   2.5662419159e+00   2.5275276765e-01   0.0000000000e+00
   29  0  0  1   3.0046785544e+00   2.9593500746e-01   0.0000000000e+00
   30  0  0  1   3.4695558722e+00   3.4172142688e-01   0.0000000000e+00
   31  0  0  1   3.9583370068e+00   3.8986216676e-01   0.0000000000e+00
   32  0  0  1   4.4690252442e+00   4.4016056794e-01   0.0000000000e+00
   33  0  0  1   5.0000000000e+00   4.9245701679e-01   0.0000000000e+00
   34  0  0  1   9.8917650996e-01   1.4673047446e-01   0.0000000000e+00
   35  0  0  1   1.1683334144e+00   1.7330589079e-01   0.0000000000e+00
   36  0  0  1   1.4458691829e+00   2.1447443310e-01   0.0000000000e+00
   37  0  0  1   1.7786676193e+00   2.6384041781e-01   0.0000000000e+00
   38  0  0  1   2.1533415094e+00   3.1941803930e-01   0.0000000000e+00
   39  0  0  1   2.5625906748e+00   3.8012441841e-01   0.0000000000e+00
   40  0  0  1   3.0016850771e+00   4.4525792019e-01   0.0000000000e+00
   41  0  0  1   3.4672598262e+00   5.1431941038e-01   0.0000000000e+00
   42  0  0  1   3.9567742538e+00   5.8693201641e-01   0.0000000000e+00
   43  0  0  1   4.4682286503e+00   6.6279910938e-01   0.0000000000e+00
   44  0  0  1   5.0000000000e+00   7.4167993769e-01   0.0000000000e+00
   45  0  0  1   9.8078528040e-01   1.9509032202e-01   0.0000000000e+00
   46  0  0  1   1.1603170073e+00   2.3080140283e-01   0.0000000000e+00
   47  0  0  1   1.4384334212e+00   2.8612219713e-01   0.0000000000e+00
   48  0  0  1   1.7719281206e+00   3.5245841730e-01   0.0000000000e+00
   49  0  0  1   2.1473858833e+00   4.2714160972e-01   0.0000000000e+00
   50  0  0  1   2.5574912579e+00   5.0871664067e-01   0.0000000000e+00
   51  0  0  1   2.9975043099e+00   5.9624067851e-01   0.0000000000e+00
   52  0  0  1   3.4640531095e+00   6.8904300475e-01   0.0000000000e+00
   53  0  0  1   3.9545916729e+00   7.8661719168e-01   0.0000000000e+00
   54  0  0  1   4.4671161068e+00   8.8856464016e-01   0.0000000000e+00
   55  0  0  1   5.0000000000e+00   9.9456183690e-01   0.0000000000e+00
   56  0  0  1   9.7003125319e-01   2.4298017990e-01   0.0000000000e+00
   57  0  0  1   1.1500433448e+00   2.8807086153e-01   0.0000000000e+00
   58  0  0  1   1.4289039020e+00   3.5792179482e-01   0.0000000000e+00
   59  0  0  1   1.7632909178e+00   4.4168138193e-01   0.0000000000e+00
   60  0  0  1   2.1397532754e+00   5.3598029353e-01   0.0000000000e+00
   61  0  0  1   2.5509559501e+00   6.3898120152e-01   0.0000000000e+00
   62  0  0  1   2.9921463247e+00   7.4949363731e-01   0.0000000000e+00
   63  0  0  1   3.4599434474e+00   8.6667071657e-01   0.0000000000e+00
   64  0  0  1   3.9517945221e+00   9.8987299715e-01   0.0000000000e+00
   65  0  0  1   4.4656902940e+00   1.1185971869e+00   0.0000000000e+00
   66  0  0  1   5.0000000000e+00   1.2524348010e+00   0.0000000000e+00
   67  0  0  1   9.5694033573e-01   2.9028467725e-01   0.0000000000e+00
   68  0  0  1   1.1375371771e+00   3.4506813017e-01   0.0000000000e+00
   69  0  0  1   1.4173035827e+00   4.2993434148e-01   0.0000000000e+00
   70  0  0  1   1.7527768185e+00   5.3169903500e-01   0.0000000000e+00
   71  0  0  1   2.1304620734e+00   6.4626860452e-01   0.0000000000e+00
   72  0  0  1   2.5430004954e+00   7.7141076671e-01   0.0000000000e+00
   73  0  0  1   2.9856240292e+00   9.0567914777e-01   0.0000000000e+00
   74  0  0  1   3.4549407403e+00   1.0480448156e+00   0.0000000000e+00
   75  0  0  1   3.9483895401e+00   1.1977308726e+00   0.0000000000e+00
   76  0  0  1   4.4639546467e+00   1.3541258379e+00   0.0000000000e+00
   77  0  0  1   5.0000000000e+00   1.5167334180e+00   0.0000000000e+00
   78  0  0  1   9.4154406518e-01   3.3688985339e-01   0.0000000000e+00
   79  0  0  1   1.1228286327e+00   4.0175450885e-01   0.0000000000e+00
   80  0  0  1   1.4036604095e+00   5.0223772529e-01   0.0000000000e+00
   81  0  0  1   1.7404111522e+00   6.2272906771e-01   0.0000000000e+00
   82  0  0  1   2.1195346605e+00   7.5838162806e-01   0.0000000000e+00
   83  0  0  1   2.5336440594e+00   9.0655234023e-01   0.0000000000e+00
   84  0  0  1   2.9779531364e+00   1.0655286700e+00   0.0000000000e+00
   85  0  0  1   3.4490570402e+00   1.2340923421e+00   0.0000000000e+00
   86  0  0  1   3.9443849296e+00   1.4113234949e+00   0.0000000000e+00
   87  0  0  1   4.4619133463e+00   1.5964981233e+00   0.0000000000e+00
   88  0  0  1   5.0000000000e+00   1.7890286066e+00   0.0000000000e+00
   89  0  0  1   9.2387953251e-01   3.8268343237e-01   0.0000000000e+00
   90  0  0  1   1.1059531458e+00   4.5810079232e-01   0.0000000000e+00
   91  0  0  1   1.3880072499e+00   5.7493142760e-01   0.0000000000e+00
   92  0  0  1   1.7262237089e+00   7.1502527190e-01   0.0000000000e+00
   93  0  0  1   2.1069973619e+00   8.7274688318e-01   0.0000000000e+00
   94  0  0  1   2.5229091825e+00   1.0450232000e+00   0.0000000000e+00
   95  0  0  1   2.9691521260e+00   1.2298630793e+00   0.0000000000e+00
   96  0  0  1   3.4423065216e+00   1.4258500471e+00   0.0000000000e+00
   97  0  0  1   3.9397903381e+00   1.6319145910e+00   0.0000000000e+00
   98  0  0  1   4.4595713105e+00   1.8472149192e+00   0.0000000000e+00
   99  0  0  1   5.0000000000e+00   2.0710678119e+00   0.0000000000e+00
  100  0  0  1   9.0398929312e-01   4.2755509343e-01   0.0000000000e+00
  101  0  0  1   1.0869513707e+00   5.1408971146e-01   0.0000000000e+00
  102  0  0  1   1.3703818139e+00   6.4814232751e-01   0.0000000000e+00
  103  0  0  1   1.7102486672e+00   8.0888737762e-01   0.0000000000e+00
  104  0  0  1   2.0928803809e+00   9.8985870033e-01   0.0000000000e+00
  105  0  0  1   2.5108217258e+00   1.1875302349e+00   0.0000000000e+00
  106  0  0  1   2.9592422004e+00   1.3996173241e+00   0.0000000000e+00
  107  0  0  1   3.4347054469e+00   1.6244946919e+00   0.0000000000e+00
  108  0  0  1   3.9346168345e+00   1.8609351693e+00   0.0000000000e+00
  109  0  0  1   4.4569341813e+00   2.1079728762e+00   0.0000000000e+00
  110  0  0  1   5.0000000000e+00   2.3648238795e+00   0.0000000000e+00
  111  0  0  1   8.8192126435e-01   4.7139673683e-01   0.0000000000e+00
  112  0  0  1   1.0658690846e+00   5.6971889518e-01   0.0000000000e+00
  113  0  0  1   1.3508265627e+00   7.2203184048e-01   0.0000000000e+00
  114  0  0  1   1.6925245126e+00   9.0467319987e-01   0.0000000000e+00
  115  0  0  1   2.0772177267e+00   1.1102960067e+00   0.0000000000e+00
  116  0  0  1   2.4974108093e+00   1.3348938886e+00   0.0000000000e+00
  117  0  0  1   2.9482472336e+00   1.5758709779e+00   0.0000000000e+00
  118  0  0  1   3.4262721278e+00   1.8313806071e+00   0.0000000000e+00
  119  0  0  1   3.9288768821e+00   2.1000284453e+00   0.0000000000e+00
  120  0  0  1   4.4540083120e+00   2.3807170424e+00   0.0000000000e+00
  121  0  0  1   5.0000000000e+00   2.6725556798e+00   0.0000000000e+00
  122  0  0  1   8.5772861000e-01   5.1410274419e-01   0.0000000000e+00
  123  0  0  1   1.0427570764e+00   6.2500453904e-01   0.0000000000e+00
  124  0  0  1   1.3293886065e+00   7.9680486661e-01   0.0000000000e+00
  125  0  0  1   1.6730939441e+00   1.0028139180e+00   0.0000000000e+00
  126  0  0  1   2.0600471319e+00   1.2347447332e+00   0.0000000000e+00
  127  0  0  1   2.4827087409e+00   1.4880783523e+00   0.0000000000e+00
  128  0  0  1   2.9361937134e+00   1.7598867846e+00   0.0000000000e+00
  129  0  0  1   3.4170268809e+00   2.0480870942e+00   0.0000000000e+00
  130  0  0  1   3.9225843091e+00   2.3511065553e+00   0.0000000000e+00
  131  0  0  1   4.4508007511e+00   2.6677073066e+00   0.0000000000e+00
  132  0  0  1   5.0000000000e+00   2.9968846684e+00   0.0000000000e+00
  133  0  0  1   8.3146961230e-01   5.5557023302e-01   0.0000000000e+00
  134  0  0  1   1.0176710251e+00   6.7998603937e-01   0.0000000000e+00
  135  0  0  1   1.3061195912e+00   8.7272120941e-01   0.0000000000e+00
  136  0  0  1   1.6520037715e+00   1.1038336299e+00   0.0000000000e+00
  137  0  0  1   2.0414099620e+00   1.3640265279e+00   0.0000000000e+00
  138  0  0  1   2.4667509392e+00   1.6482302826e+00   0.0000000000e+00
  139  0  0  1   2.9231106776e+00   1.9531601111e+00   0.0000000000e+00
  140  0  0  1   3.4069919789e+00   2.2764792599e+00   0.0000000000e+00
  141  0  0  1   3.9157542747e+00   2.6164233577e+00   0.0000000000e+00
  142  0  0  1   4.4473192260e+00   2.9716037028e+00   0.0000000000e+00
  143  0  0  1   5.0000000000e+00   3.3408931896e+00   0.0000000000e+00
  144  0  0  1   8.0320753148e-01   5.9569930449e-01   0.0000000000e+00
  145  0  0  1   9.9067136502e-01   7.3473195904e-01   0.0000000000e+00
  146  0  0  1   1.2810755740e+00   9.5011039929e-01   0.0000000000e+00
  147  0  0  1   1.6293048030e+00   1.2083747972e+00   0.0000000000e+00
  148  0  0  1   2.0213511156e+00   1.4991361591e+00   0.0000000000e+00
  149  0  0  1   2.4495758480e+00   1.8167292658e+00   0.0000000000e+00
  150  0  0  1   2.9090296447e+00   2.1574834251e+00   0.0000000000e+00
  151  0  0  1   3.3961915967e+00   2.5187873529e+00   0.0000000000e+00
  152  0  0  1   3.9084032330e+00   2.8986693928e+00   0.0000000000e+00
  153  0  0  1   4.4435721240e+00   3.2955776932e+00   0.0000000000e+00
  154  0  0  1   5.0000000000e+00   3.7082527314e+00   0.0000000000e+00
  155  0  0  1   7.7301045336e-01   6.3439328416e-01   0.0000000000e+00
  156  0  0  1   9.6182314083e-01   7.8934785221e-01   0.0000000000e+00
  157  0  0  1   1.2543168881e+00   1.0293912671e+00   0.0000000000e+00
  158  0  0  1   1.6050517223e+00   1.3172319067e+00   0.0000000000e+00
  159  0  0  1   1.9999189162e+00   1.6412910379e+00   0.0000000000e+00
  160  0  0  1   2.4312248435e+00   1.9952546648e+00   0.0000000000e+00
  161  0  0  1   2.8939845368e+00   2.3750317304e+00   0.0000000000e+00
  162  0  0  1   3.3846517534e+00   2.7777119083e+00   0.0000000000e+00
  163  0  0  1   3.9005488935e+00   3.2010977495e+00   0.0000000000e+00
  164  0  0  1   4.4395684721e+00   3.6434596855e+00   0.0000000000e+00
  165  0  0  1   5.0000000000e+00   4.1033939541e+00   0.0000000000e+00
  166  0  0  1   7.4095112535e-01   6.7155895485e-01   0.0000000000e+00
  167  0  0  1   9.3119585040e-01   8.4398672281e-01   0.0000000000e+00
  168  0  0  1   1.2259079976e+00   1.1110982431e+00   0.0000000000e+00
  169  0  0  1   1.5793029574e+00   1.4313967644e+00   0.0000000000e+00
  170  0  0  1   1.9771649959e+00   1.7919978967e+00   0.0000000000e+00
  171  0  0  1   2.4117421350e+00   2.1858756564e+00   0.0000000000e+00
  172  0  0  1   2.8780115992e+00   2.6084776653e+00   0.0000000000e+00
  173  0  0  1   3.3724002494e+00   3.0565654188e+00   0.0000000000e+00
  174  0  0  1   3.8922101780e+00   3.5276936760e+00   0.0000000000e+00
  175  0  0  1   4.4353179156e+00   4.0199378365e+00   0.0000000000e+00
  176  0  0  1   5.0000000000e+00   4.5317358451e+00   0.0000000000e+00
  177  0  0  1   7.0710678119e-01   7.0710678119e-01   0.0000000000e+00
  178  0  0  1   8.9886327756e-01   8.9886327756e-01   0.0000000000e+00
  179  0  0  1   1.1959173418e+00   1.1959173418e+00   0.0000000000e+00
  180  0  0  1   1.5521205391e+00   1.5521205391e+00   0.0000000000e+00
  181  0  0  1   1.9531441707e+00   1.9531441707e+00   0.0000000000e+00
  182  0  0  1   2.3911746579e+00   2.3911746579e+00   0.0000000000e+00
  183  0  0  1   2.8611493119e+00   2.8611493119e+00   0.0000000000e+00
  184  0  0  1   3.3594665997e+00   3.3594665997e+00   0.0000000000e+00
  185  0  0  1   3.8834071750e+00   3.8834071750e+00   0.0000000000e+00
  186  0  0  1   4.4308306943e+00   4.4308306943e+00   0.0000000000e+00
  187  0  0  1   5.0000000000e+00   5.0000000000e+00   0.0000000000e+00
  188  0  0  1   6.7155895485e-01   7.4095112535e-01   0.0000000000e+00
  189  0  0  1   8.4398672281e-01   9.3119585040e-01   0.0000000000e+00
  190  0  0  1   1.1110982431e+00   1.2259079976e+00   0.0000000000e+00
  191  0  0  1   1.4313967644e+00   1.5793029574e+00   0.0000000000e+00
  192  0  0  1   1.7919978967e+00   1.9771649959e+00   0.0000000000e+00
  193  0  0  1   2.1858756564e+00   2.4117421350e+00   0.0000000000e+00
  194  0  0  1   2.6084776653e+00   2.8780115992e+00   0.0000000000e+00
  195  0  0  1   3.0565654188e+00   3.3724002494e+00   0.0000000000e+00
  196  0  0  1   3.5276936760e+00   3.8922101780e+00   0.0000000000e+00
  197  0  0  1   4.0199378365e+00   4.4353179156e+00   0.0000000000e+00
  198  0  0  1   4.5317358451e+00   5.0000000000e+00   0.0000000000e+00
  199  0  0  1   6.3439328416e-01   7.7301045336e-01   0.0000000000e+00
  200  0  0  1   7.8934785221e-01   9.6182314083e-01   0.0000000000e+00
  201  0  0  1   1.0293912671e+00   1.2543168881e+00   0.0000000000e+00
  202  0  0  1   1.3172319067e+00   1.6050517223e+00   0.0000000000e+00
  203  0  0  1   1.6412910379e+00   1.9999189162e+00   0.0000000000e+00
  204  0  0  1   1.9952546648e+00   2.4312248435e+00   0.0000000000e+00
  205  0  0  1   2.3750317304e+00   2.8939845368e+00   0.0000000000e+00
  206  0  0  1   2.7777119083e+00   3.3846517534e+00   0.0000000000e+00
  207  0  0  1   3.2010977495e+00   3.9005488935e+00   0.0000000000e+00
  208  0  0  1   3.6434596855e+00   4.4395684721e+00   0.0000000000e+00
  209  0  0  1   4.1033939541e+00   5.0000000000e+00   0.0000000000e+00
  210  0  0  1   5.9569930449e-01   8.0320753148e-01   0.0000000000e+00
  211  0  0  1   7.3473195904e-01   9.9067136502e-01   0.0000000000e+00
  212  0  0  1   9.5011039929e-01   1.2810755740e+00   0.0000000000e+00
  213  0  0  1   1.2083747972e+00   1.6293048030e+00   0.0000000000e+00
  214  0  0  1   1.4991361591e+00   2.0213511156e+00   0.0000000000e+00
  215  0  0  1   1.8167292658e+00   2.4495758480e+00   0.0000000000e+00
  216  0  0  1   2.1574834251e+00   2.9090296447e+00   0.0000000000e+00
  217  0  0  1   2.5187873529e+00   3.3961915967e+00   0.0000000000e+00
  218  0  0  1   2.8986693928e+00   3.9084032330e+00   0.0000000000e+00
  219  0  0  1   3.2955776932e+00   4.4435721240e+00   0.0000000000e+00
  220  0  0  1   3.7082527314e+00   5.0000000000e+00   0.0000000000e+00
  221  0  0  1   5.5557023302e-01   8.3146961230e-01   0.0000000000e+00
  222  0  0  1   6.7998603937e-01   1.0176710251e+00   0.0000000000e+00
  223  0  0  1   8.7272120941e-01   1.3061195912e+00   0.0000000000e+00
  224  0  0  1   1.1038336299e+00   1.6520037715e+00   0.0000000000e+00
  225  0  0  1   1.3640265279e+00   2.0414099620e+00   0.0000000000e+00
  226  0  0  1   1.6482302826e+00   2.4667509392e+00   0.0000000000e+00
  227  0  0  1   1.9531601111e+00   2.9231106776e+00   0.0000000000e+00
  228  0  0  1   2.2764792599e+00   3.4069919789e+00   0.0000000000e+00
  229  0  0  1   2.6164233577e+00   3.9157542747e+00   0.0000000000e+00
  230  0  0  1   2.9716037028e+00   4.4473192260e+00   0.0000000000e+00
  231  0  0  1   3.3408931896e+00   5.0000000000e+00   0.0000000000e+00
  232  0  0  1   5.1410274419e-01   8.5772861000e-01   0.0000000000e+00
  233  0  0  1   6.2500453904e-01   1.0427570764e+00   0.0000000000e+00
  234  0  0  1   7.9680486661e-01   1.3293886065e+00   0.0000000000e+00
  235  0  0  1   1.0028139180e+00   1.6730939441e+00   0.0000000000e+00
  236  0  0  1   1.2347447332e+00   2.0600471319e+00   0.0000000000e+00
  237  0  0  1   1.4880783523e+00   2.4827087409e+00   0.0000000000e+00
  238  0  0  1   1.7598867846e+00   2.9361937134e+00   0.0000000000e+00
  239  0  0  1   2.0480870942e+00   3.4170268809e+00   0.0000000000e+00
  240  0  0  1   2.3511065553e+00   3.9225843091e+00   0.0000000000e+00
  241  0  0  1   2.6677073066e+00   4.4508007511e+00   0.0000000000e+00
  242  0  0  1   2.9968846684e+00   5.0000000000e+00   0.0000000000e+00
  243  0  0  1   4.7139673683e-01   8.8192126435e-01   0.0000000000e+00
  244  0  0  1   5.6971889518e-01   1.0658690846e+00   0.0000000000e+00
  245  0  0  1   7.2203184048e-01   1.3508265627e+00   0.0000000000e+00
  246  0  0  1   9.0467319987e-01   1.6925245126e+00   0.0000000000e+00
  247  0  0  1   1.1102960067e+00   2.0772177267e+00   0.0000000000e+00
  248  0  0  1   1.3348938886e+00   2.4974108093e+00   0.0000000000e+00
  249  0  0  1   1.5758709779e+00   2.9482472336e+00   0.0000000000e+00
  250  0  0  1   1.8313806071e+00   3.4262721278e+00   0.0000000000e+00
  251  0  0  1   2.1000284453e+00   3.9288768821e+00   0.0000000000e+00
  252  0  0  1   2.3807170424e+00   4.4540083120e+00   0.0000000000e+00
  253  0  0  1   2.6725556798e+00   5.0000000000e+00   0.0000000000e+00
  254  0  0  1   4.2755509343e-01   9.0398929312e-01   0.0000000000e+00
  255  0  0  1   5.1408971146e-01   1.0869513707e+00   0.0000000000e+00
  256  0  0  1   6.4814232751e-01   1.3703818139e+00   0.0000000000e+00
  257  0  0  1   8.0888737762e-01   1.7102486672e+00   0.0000000000e+00
  258  0  0  1   9.8985870033e-01   2.0928803809e+00   0.0000000000e+00
  259  0  0  1   1.1875302349e+00   2.5108217258e+00   0.0000000000e+00
  260  0  0  1   1.3996173241e+00   2.9592422004e+00   0.0000000000e+00
  261  0  0  1   1.6244946919e+00   3.4347054469e+00   0.0000000000e+00
  262  0  0  1   1.8609351693e+00   3.9346168345e+00   0.0000000000e+00
  263  0  0  1   2.1079728762e+00   4.4569341813e+00   0.0000000000e+00
  264  0  0  1   2.3648238795e+00   5.0000000000e+00   0.0000000000e+00
  265  0  0  1   3.8268343237e-01   9.2387953251e-01   0.0000000000e+00
  266  0  0  1   4.5810079232e-01   1.1059531458e+00   0.0000000000e+00
  267  0  0  1   5.7493142760e-01   1.3880072499e+00   0.0000000000e+00
  268  0  0  1   7.1502527190e-01   1.7262237089e+00   0.0000000000e+00
  269  0  0  1   8.7274688318e-01   2.1069973619e+00   0.0000000000e+00
  270  0  0  1   1.0450232000e+00   2.5229091825e+00   0.0000000000e+00
  271  0  0  1   1.2298630793e+00   2.9691521260e+00   0.0000000000e+00
  272  0  0  1   1.4258500471e+00   3.4423065216e+00   0.0000000000e+00
  273  0  0  1   1.6319145910e+00   3.9397903381e+00   0.0000000000e+00
  274  0  0  1   1.8472149192e+00   4.4595713105e+00   0.0000000000e+00
  275  0  0  1   2.0710678119e+00   5.0000000000e+00   0.0000000000e+00
  276  0  0  1   3.3688985339e-01   9.4154406518e-01   0.0000000000e+00
  277  0  0  1   4.0175450885e-01   1.1228286327e+00   0.0000000000e+00
  278  0  0  1   5.0223772529e-01   1.4036604095e+00   0.0000000000e+00
  279  0  0  1   6.2272906771e-01   1.7404111522e+00   0.0000000000e+00
  280  0  0  1   7.5838162806e-01   2.1195346605e+00   0.0000000000e+00
  281  0  0  1   9.0655234023e-01   2.5336440594e+00   0.0000000000e+00
  282  0  0  1   1.0655286700e+00   2.9779531364e+00   0.0000000000e+00
  283  0  0  1   1.2340923421e+00   3.4490570402e+00   0.0000000000e+00
  284  0  0  1   1.4113234949e+00   3.9443849296e+00   0.0000000000e+00
  285  0  0  1   1.5964981233e+00   4.4619133463e+00   0.0000000000e+00
  286  0  0  1   1.7890286066e+00   5.0000000000e+00   0.0000000000e+00
  287  0  0  1   2.9028467725e-01   9.5694033573e-01   0.0000000000e+00
  288  0  0  1   3.4506813017e-01   1.1375371771e+00   0.0000000000e+00
  289  0  0  1   4.2993434148e-01   1.4173035827e+00   0.0000000000e+00
  290  0  0  1   5.3169903500e-01   1.7527768185e+00   0.0000000000e+00
  291  0  0  1   6.4626860452e-01   2.1304620734e+00   0.0000000000e+00
  292  0  0  1   7.7141076671e-01   2.5430004954e+00   0.0000000000e+00
  293  0  0  1   9.0567914777e-01   2.9856240292e+00   0.0000000000e+00
  294  0  0  1   1.0480448156e+00   3.4549407403e+00   0.0000000000e+00
  295  0  0  1   1.1977308726e+00   3.9483895401e+00   0.0000000000e+00
  296  0  0  1   1.3541258379e+00   4.4639546467e+00   0.0000000000e+00
  297  0  0  1   1.5167334180e+00   5.0000000000e+00   0.0000000000e+00
  298  0  0  1   2.4298017990e-01   9.7003125319e-01   0.0000000000e+00
  299  0  0  1   2.8807086153e-01   1.1500433448e+00   0.0000000000e+00
  300  0  0  1   3.5792179482e-01   1.4289039020e+00   0.0000000000e+00
  301  0  0  1   4.4168138193e-01   1.7632909178e+00   0.0000000000e+00
  302  0  0  1   5.3598029353e-01   2.1397532754e+00   0.0000000000e+00
  303  0  0  1   6.3898120152e-01   2.5509559501e+00   0.0000000000e+00
  304  0  0  1   7.4949363731e-01   2.9921463247e+00   0.0000000000e+00
  305  0  0  1   8.6667071657e-01   3.4599434474e+00   0.0000000000e+00
  306  0  0  1   9.8987299715e-01   3.9517945221e+00   0.0000000000e+00
  307  0  0  1   1.1185971869e+00   4.4656902940e+00   0.0000000000e+00
  308  0  0  1   1.2524348010e+00   5.0000000000e+00   0.0000000000e+00
  309  0  0  1   1.9509032202e-01   9.8078528040e-01   0.0000000000e+00
  310  0  0  1   2.3080140283e-01   1.1603170073e+00   0.0000000000e+00
  311  0  0  1   2.8612219713e-01   1.4384334212e+00   0.0000000000e+00
  312  0  0  1   3.5245841730e-01   1.7719281206e+00   0.0000000000e+00
  313  0  0  1   4.2714160972e-01   2.1473858833e+00   0.0000000000e+00
  314  0  0  1   5.0871664067e-01   2.5574912579e+00   0.0000000000e+00
  315  0  0  1   5.9624067851e-01   2.9975043099e+00   0.0000000000e+00
  316  0  0  1   6.8904300475e-01   3.4640531095e+00   0.0000000000e+00
  317  0  0  1   7.8661719168e-01   3.9545916729e+00   0.0000000000e+00
  318  0  0  1   8.8856464016e-01   4.4671161068e+00   0.0000000000e+00
  319  0  0  1   9.9456183690e-01   5.0000000000e+00   0.0000000000e+00
  320  0  0  1   1.4673047446e-01   9.8917650996e-01   0.0000000000e+00
  321  0  0  1   1.7330589079e-01   1.1683334144e+00   0.0000000000e+00
  322  0  0  1   2.1447443310e-01   1.4458691829e+00   0.0000000000e+00
  323  0  0  1   2.6384041781e-01   1.7786676193e+00   0.0000000000e+00
  324  0  0  1   3.1941803930e-01   2.1533415094e+00   0.0000000000e+00
  325  0  0  1   3.8012441841e-01   2.5625906748e+00   0.0000000000e+00
  326  0  0  1   4.4525792019e-01   3.0016850771e+00   0.0000000000e+00
  327  0  0  1   5.1431941038e-01   3.4672598262e+00   0.0000000000e+00
  328  0  0  1   5.8693201641e-01   3.9567742538e+00   0.0000000000e+00
  329  0  0  1   6.6279910938e-01   4.4682286503e+00   0.0000000000e+00
  330  0  0  1   7.4167993769e-01   5.0000000000e+00   0.0000000000e+00
  331  0  0  1   9.8017140330e-02   9.9518472667e-01   0.0000000000e+00
  332  0  0  1   1.1563612242e-01   1.1740732539e+00   0.0000000000e+00
  333  0  0  1   1.4293006206e-01   1.4511932736e+00   0.0000000000e+00
  334  0  0  1   1.7565874595e-01   1.7834931777e+00   0.0000000000e+00
  335  0  0  1   2.1250562372e-01   2.1576058060e+00   0.0000000000e+00
  336  0  0  1   2.5275276765e-01   2.5662419159e+00   0.0000000000e+00
  337  0  0  1   2.9593500746e-01   3.0046785544e+00   0.0000000000e+00
  338  0  0  1   3.4172142688e-01   3.4695558722e+00   0.0000000000e+00
  339  0  0  1   3.8986216676e-01   3.9583370068e+00   0.0000000000e+00
  340  0  0  1   4.4016056794e-01   4.4690252442e+00   0.0000000000e+00
  341  0  0  1   4.9245701679e-01   5.0000000000e+00   0.0000000000e+00
  342  0  0  1   4.9067674327e-02   9.9879545621e-01   0.0000000000e+00
  343  0  0  1   5.7847980688e-02   1.1775226981e+00   0.0000000000e+00
  344  0  0  1   7.1449739893e-02   1.4543928672e+00   0.0000000000e+00
  345  0  0  1   8.7759868925e-02   1.7863931707e+00   0.0000000000e+00
  346  0  0  1   1.0612227338e-01   2.1601685001e+00   0.0000000000e+00
  347  0  0  1   1.2617917860e-01   2.5684361850e+00   0.0000000000e+00
  348  0  0  1   1.4769876997e-01   3.0064775303e+00   0.0000000000e+00
  349  0  0  1   1.7051613748e-01   3.4709357161e+00   0.0000000000e+00
  350  0  0  1   1.9450676545e-01   3.9592761670e+00   0.0000000000e+00
  351  0  0  1   2.1957265005e-01   4.4695039694e+00   0.0000000000e+00
  352  0  0  1   2.4563424885e-01   5.0000000000e+00   0.0000000000e+00
  353  1  0  1   6.1232339957e-17   1.0000000000e+00   0.0000000000e+00
  354  1  0  1   7.2172932585e-17   1.1786734369e+00   0.0000000000e+00
  355  1  0  1   8.9121237162e-17   1.4554602555e+00   0.0000000000e+00
  356  1  0  1   1.0944427261e-16   1.7873606119e+00   0.0000000000e+00
  357  1  0  1   1.3232452059e-16   2.1610234180e+00   0.0000000000e+00
  358  1  0  1   1.5731618037e-16   2.5691681958e+00   0.0000000000e+00
  359  1  0  1   1.8413040222e-16   3.0070776708e+00   0.0000000000e+00
  360  1  0  1   2.1256170206e-16   3.4713960337e+00   0.0000000000e+00
  361  1  0  1   2.4245492864e-16   3.9595894721e+00   0.0000000000e+00
  362  1  0  1   2.7368796550e-16   4.4696636728e+00   0.0000000000e+00
  363  1  0  1   3.0616169979e-16   5.0000000000e+00   0.0000000000e+00
1
17
   11  1   1.2281712442e-01
   22  1   2.4622850839e-01
   33  1   2.4802284442e-01
   44  1   2.5105241006e-01
   55  1   2.5537743163e-01
   66  1   2.6108579057e-01
   77  1   2.6829690281e-01
   88  1   2.7716719691e-01
   99  1   2.8789763644e-01
  110  1   3.0074393394e-01
  121  1   3.1603039448e-01
  132  1   3.3416875492e-01
  143  1   3.5568403148e-01
  154  1   3.8125038227e-01
  165  1   4.1174155687e-01
  176  1   4.4830302293e-01
  187  1   2.3413207745e-01
2 320 1
1 1.0000000000e+03 2.5000000000e-01 1.0000000000e+00 0
    1     1     2    13    12     1
    2     2     3    14    13     1
    3     3     4    15    14     1
    4     4     5    16    15     1
    5     5     6    17    16     1
    6     6     7    18    17     1
    7     7     8    19    18     1
    8     8     9    20    19     1
    9     9    10    21    20     1
   10    10    11    22    21     1
   11    12    13    24    23     1
   12    13    14    25    24     1
   13    14    15    26    25     1
   14    15    16    27    26     1
   15    16    17    28    27     1
   16    17    18    29    28     1
   17    18    19    30    29     1
   18    19    20    31    30     1
   19    20    21    32    31     1
   20    21    22    33    32     1
   21    23    24    35    34     1
   22    24    25    36    35     1
   23    25    26    37    36     1
   24    26    27    38    37     1
   25    27    28    39    38     1
   26    28    29    40    39     1
   27    29    30    41    40     1
   28    30    31    42    41     1
   29    31    32    43    42     1
   30    32    33    44    43     1
   31    34    35    46    45     1
   32    35    36    47    46     1
   33    36    37    48    47     1
   34    37    38    49    48     1
   35    38    39    50    49     1
   36    39    40    51    50     1
   37    40    41    52    51     1
   38    41    42    53    52     1
   39    42    43    54    53     1
   40    43    44    55    54     1
   41    45    46    57    56     1
   42    46    47    58    57     1
   43    47    48    59    58     1
   44    48    49    60    59     1
   45    49    50    61    60     1
   46    50    51    62    61     1
   47    51    52    63    62     1
   48    52    53    64    63     1
   49    53    54    65    64     1
   50    54    55    66    65     1
   51    56    57    68    67     1
   52    57    58    69    68     1
   53    58    59    70    69     1
   54    59    60    71    70     1
   55    60    61    72    71     1
   56    61    62    73    72     1
   57    62    63    74    73     1
   58    63    64    75    74     1
   59    64    65    76    75     1
   60    65    66    77    76     1
   61    67    68    79    78     1
   62    68    69    80    79     1
   63    69    70    81    80     1
   64    70    71    82    81     1
   65    71    72    83    82     1
   66    72    73    84    83     1
   67    73    74    85    84     1
   68    74    75    86    85     1
   69    75    76    87    86     1
   70    76    77    88    87     1
   71    78    79    90    89     1
   72    79    80    91    90     1
   73    80    81    92    91     1
   74    81    82    93    92     1
   75    82    83    94    93     1
   76    83    84    95    94     1
   77    84    85    96    95     1
   78    85    86    97    96     1
   79    86    87    98    97     1
   80    87    88    99    98     1
   81    89    90   101   100     1
   82    90    91   102   101     1
   83    91    92   103   102     1
   84    92    93   104   103     1
   85    93    94   105   104     1
   86    94    95   106   105     1
   87    95    96   107   106     1
   88    96    97   108   107     1
   89    97    98   109   108     1
   90    98    99   110   109     1
   91   100   101   112   111     1
   92   101   102   113   112     1
   93   102   103   114   113     1
   94   103   104   115   114     1
   95   104   105   116   115     1
   96   105   106   117   116     1
   97   106   107   118   117     1
   98   107   108   119   118     1
   99   108   109   120   119     1
  100   109   110   121   120     1
  101   111   112   123   122     1
  102   112   113   124   123     1
  103   113   114   125   124     1
  104   114   115   126   125     1
  105   115   116   127   126     1
  106   116   117   128   127     1
  107   117   118   129   128     1
  108   118   119   130   129     1
  109   119   120   131   130     1
  110   120   121   132   131     1
  111   122   123   134   133     1
  112   123   124   135   134     1
  113   124   125   136   135     1
  114   125   126   137   136     1
  115   126   127   138   137     1
  116   127   128   139   138     1
  117   128   129   140   139     1
  118   129   130   141   140     1
  119   130   131   142   141     1
  120   131   132   143   142     1
  121   133   134   145   144     1
  122   134   135   146   145     1
  123   135   136   147   146     1
  124   136   137   148   147     1
  125   137   138   149   148     1
  126   138   139   150   149     1
  127   139   140   151   150     1
  128   140   141   152   151     1
  129   141   142   153   152     1
  130   142   143   154   153     1
  131   144   145   156   155     1
  132   145   146   157   156     1
  133   146   147   158   157     1
  134   147   148   159   158     1
  135   148   149   160   159     1
  136   149   150   161   160     1
  137   150   151   162   161     1
  138   151   152   163   162     1
  139   152   153   164   163     1
  140   153   154   165   164     1
  141   155   156   167   166     1
  142   156   157   168   167     1
  143   157   158   169   168     1
  144   158   159   170   169     1
  145   159   160   171   170     1
  146   160   161   172   171     1
  147   161   162   173   172     1
  148   162   163   174   173     1
  149   163   164   175   174     1
  150   164   165   176   175     1
  151   166   167   178   177     1
  152   167   168   179   178     1
  153   168   169   180   179     1
  154   169   170   181   180     1
  155   170   171   182   181     1
  156   171   172   183   182     1
  157   172   173   184   183     1
  158   173   174   185   184     1
  159   174   175   186   185     1
  160   175   176   187   186     1
  161   177   178   189   188     1
  162   178   179   190   189     1
  163   179   180   191   190     1
  164   180   181   192   191     1
  165   181   182   193   192     1
  166   182   183   194   193     1
  167   183   184   195   194     1
  168   184   185   196   195     1
  169   185   186   197   196     1
  170   186   187   198   197     1
  171   188   189   200   199     1
  172   189   190   201   200     1
  173   190   191   202   201     1
  174   191   192   203   202     1
  175   192   193   204   203     1
  176   193   194   205   204     1
  177   194   195   206   205     1
  178   195   196   207   206     1
  179   196   197   208   207     1
  180   197   198   209   208     1
  181   199   200   211   210     1
  182   200   201   212   211     1
  183   201   202   213   212     1
  184   202   203   214   213     1
  185   203   204   215   214     1
  186   204   205   216   215     1
  187   205   206   217   216     1
  188   206   207   218   217     1
  189   207   208   219   218     1
  190   208   209   220   219     1
  191   210   211   222   221     1
  192   211   212   223   222     1
  193   212   213   224   223     1
  194   213   214   225   224     1
  195   214   215   226   225     1
  196   215   216   227   226     1
  197   216   217   228   227     1
  198   217   218   229   228     1
  199   218   219   230   229     1
  200   219   220   231   230     1
  201   221   222   233   232     1
  202   222   223   234   233     1
  203   223   224   235   234     1
  204   224   225   236   235     1
  205   225   226   237   236     1
  206   226   227   238   237     1
  207   227   228   239   238     1
  208   228   229   240   239     1
  209   229   230   241   240     1
  210   230   231   242   241     1
  211   232   233   244   243     1
  212   233   234   245   244     1
  213   234   235   246   245     1
  214   235   236   247   246     1
  215   236   237   248   247     1
  216   237   238   249   248     1
  217   238   239   250   249     1
  218   239   240   251   250     1
  219   240   241   252   251     1
  220   241   242   253   252     1
  221   243   244   255   254     1
  222   244   245   256   255     1
  223   245   246   257   256     1
  224   246   247   258   257     1
  225   247   248   259   258     1
  226   248   249   260   259     1
  227   249   250   261   260     1
  228   250   251   262   261     1
  229   251   252   263   262     1
  230   252   253   264   263     1
  231   254   255   266   265     1
  232   255   256   267   266     1
  233   256   257   268   267     1
  234   257   258   269   268     1
  235   258   259   270   269     1
  236   259   260   271   270     1
  237   260   261   272   271     1
  238   261   262   273   272     1
  239   262   263   274   273     1
  240   263   264   275   274     1
  241   265   266   277   276     1
  242   266   267   278   277     1
  243   267   268   279   278     1
  244   268   269   280   279     1
  245   269   270   281   280     1
  246   270   271   282   281     1
  247   271   272   283   282     1
  248   272   273   284   283     1
  249   273   274   285   284     1
  250   274   275   286   285     1
  251   276   277   288   287     1
  252   277   278   289   288     1
  253   278   279   290   289     1
  254   279   280   291   290     1
  255   280   281   292   291     1
  256   281   282   293   292     1
  257   282   283   294   293     1
  258   283   284   295   294     1
  259   284   285   296   295     1
  260   285   286   297   296     1
  261   287   288   299   298     1
  262   288   289   300   299     1
  263   289   290   301   300     1
  264   290   291   302   301     1
  265   291   292   303   302     1
  266   292   293   304   303     1
  267   293   294   305   304     1
  268   294   295   306   305     1
  269   295   296   307   306     1
  270   296   297   308   307     1
  271   298   299   310   309     1
  272   299   300   311   310     1
  273   300   301   312   311     1
  274   301   302   313   312     1
  275   302   303   314   313     1
  276   303   304   315   314     1
  277   304   305   316   315     1
  278   305   306   317   316     1
  279   306   307   318   317     1
  280   307   308   319   318     1
  281   309   310   321   320     1
  282   310   311   322   321     1
  283   311   312   323   322     1
  284   312   313   324   323     1
  285   313   314   325   324     1
  286   314   315   326   325     1
  287   315   316   327   326     1
  288   316   317   328   327     1
  289   317   318   329   328     1
  290   318   319   330   329     1
  291   320   321   332   331     1
  292   321   322   333   332     1
  293   322   323   334   333     1
  294   323   324   335   334     1
  295   324   325   336   335     1
  296   325   326   337   336     1
  297   326   327   338   337     1
  298   327   328   339   338     1
  299   328   329   340   339     1
  300   329   330   341   340     1
  301   331   332   343   342     1
  302   332   333   344   343     1
  303   333   334   345   344     1
  304   334   335   346   345     1
  305   335   336   347   346     1
  306   336   337   348   347     1
  307   337   338   349   348     1
  308   338   339   350   349     1
  309   339   340   351   350     1
  310   340   341   352   351     1
  311   342   343   354   353     1
  312   343   344   355   354     1
  313   344   345   356   355     1
  314   345   346   357   356     1
  315   346   347   358   357     1
  316   347   348   359   358     1
  317   348   349   360   359     1
  318   349   350   361   360     1
  319   350   351   362   361     1
  320   351   352   363   362     1
