STAP90 input data for exercise 2.10(a)
    6    1    1    1
    1    1    1    1       0.0      0.0      0.0
    2    0    0    1       0.0     10.0      0.0
    3    0    0    1      20.0      0.0      0.0
    4    0    0    1      20.0     10.0      0.0
    5    0    1    1      40.0      0.0      0.0
    6    0    0    1      40.0     10.0      0.0
    1    1
    4    2   -1.0
    1   11    1
    1    1.5E11    1.0E-2
    1    1    2    1
    2    2    4    1
    3    1    3    1
    4    1    4    1
    5    2    3    1
    6    3    4    1
    7    4    6    1
    8    3    5    1
    9    5    6    1
   10    4    5    1
   11    3    6    1
