STAP90 input data for exercise 2.10(b)
    8    1    1    1
    1    1    1    1       0.0     10.0      0.0
    2    1    0    1       0.0      0.0      0.0
    3    0    0    1      10.0     10.0      0.0
    4    0    0    1      10.0      0.0      0.0
    5    0    0    1      20.0     10.0      0.0
    6    0    0    1      20.0      0.0      0.0
    7    0    0    1      30.0     10.0      0.0
    8    0    0    1      30.0      0.0      0.0
    1    1
    7    2   -1.0
    1   16    1
    1    1.5E11    1.0E-2
    1    1    3    1
    2    3    5    1
    3    5    7    1
    4    2    4    1
    5    4    6    1
    6    6    8    1
    7    1    2    1
    8    3    4    1
    9    5    6    1
   10    7    8    1
   11    1    4    1
   12    2    3    1
   13    3    6    1
   14    4    5    1
   15    5    8    1
   16    6    7    1
